name: Work
latitude: 51.49818420410155
longitude: -0.4289703369140624
radius: 100
icon: mdi:account-multiple